<<<<<<< HEAD
[16,21,11,8,12,22] Merge Sort uygula.

1. Aşamalar: 

	    [16,21,11,8,12,22]
      [16,21,11]	   [8,12,22]	     
  [16,21]    [11]       [8,12]    [22]
[16]   [21]  [11]     [8]  [12]   [22]
  [16,21]       [8,11]      [12,22]
      [8,11,16,21]          [12,22]				       
            [8,11,12,16,21,22]
		

2. Big O Gösterimi: O(nlogn)

5. [7,3,5,8,2,9,4,15,6] dizisinin Insertion Sort'a göre ilk 4 adımı:

[7,3,5,8,2,9,4,15,6]
[2,3,5,8,7,9,4,15,6]
[2,3,4,8,7,9,5,15,6]
[2,3,4,5,7,9,8,15,6]
=======
[16,21,11,8,12,22] Merge Sort uygula.

1. Aşamalar: 

	    [16,21,11,8,12,22]
      [16,21,11]	   [8,12,22]	     
  [16,21]    [11]       [8,12]    [22]
[16]   [21]  [11]     [8]  [12]   [22]
  [16,21]       [8,11]      [12,22]
      [8,11,16,21]          [12,22]				       
            [8,11,12,16,21,22]
		

2. Big O Gösterimi: O(nlogn)

5. [7,3,5,8,2,9,4,15,6] dizisinin Insertion Sort'a göre ilk 4 adımı:

[7,3,5,8,2,9,4,15,6]
[2,3,5,8,7,9,4,15,6]
[2,3,4,8,7,9,5,15,6]
[2,3,4,5,7,9,8,15,6]
>>>>>>> c24c0e4d62b58bdd77ed54822ed7f227f498f40b
[2,3,4,5,6,9,8,15,7]